1 0.2509074587974103 0.34384700781202837 0.1049973510638544 0.16442605997931742
1 0.32259544603435336 0.11943981734545595 0.1049973510638544 0.16442605997931742
1 0.5007292325019088 0.17321481229597097 0.10499735106385436 0.1561529838330844
3 0.28059642320866957 0.585834485089346 0.10499735106385437 0.15615298383308426
3 0.8102909955705269 0.17424894681424977 0.11151444081266741 0.15615298383308415
3 0.5763998856964601 0.8009344648914057 0.11585916731187564 0.15615298383308418
3 0.08436001171694343 0.32161348746150753 0.10934214291489994 0.15511952606066876
0 0.597760784953191 0.40175804789731495 0.08761847206016964 0.1251291989313261
0 0.6564145926925081 0.2290575833446993 0.08761847206016964 0.1251291989313261
2 0.38849022877079564 0.773526445411151 0.1006526444543351 0.15098252011386906
