1 0.06143931393845218 0.6897621217403143 0.10631072299462511 0.1592554876465679
1 0.47839907153159056 0.16855832452763006 0.11045270734157685 0.16752856379280093
3 0.8908716794155311 0.6003094859091692 0.11942700675997227 0.17063096734763838
3 0.25852838837807796 0.8495347017106833 0.11390438398878548 0.17269913612555152
3 0.6623718622058692 0.18251793742064096 0.11390438398878548 0.17269913612555152
0 0.5377665732091939 0.3257497915977823 0.08836215260017105 0.1282316442605998
0 0.4942757375662009 0.6980382181782712 0.08836215260017105 0.1282316442605998
0 0.6157739450767842 0.808173544374999 0.09250413694712273 0.1334023168519954
0 0.7567967041874923 0.7893073930485331 0.0936758848332286 0.13406906401797378
2 0.174995043672224 0.44420892381324584 0.10775351137812367 0.15516022889884473
