1 0.21569548872180447 0.5852130325814536 0.07048872180451127 0.0977443609022557
3 0.4906015037593985 0.4329573934837093 0.08082706766917297 0.10902255639097752
2 0.37312030075187974 0.4924812030075189 0.07330827067669184 0.09022556390977467
2 0.33270676691729323 0.44548872180451127 0.005639097744360911 0.001253132832080155
0 0.3200187969924812 0.5419799498746868 0.059210526315789484 0.07644110275689223
0 0.4210526315789474 0.8583959899749374 0.07142857142857145 0.08020050125313276
0 0.5925751879699248 0.6547619047619048 0.07988721804511278 0.08395989974937336
0 0.886748120300752 0.4743107769423559 0.06672932330827067 0.09649122807017547
0 0.3275375939849624 0.33270676691729323 0.06484962406015037 0.09147869674185458
0 0.40507518796992487 0.17857142857142858 0.0582706766917294 0.08646616541353383
0 0.47791353383458635 0.1835839598997494 0.06109022556390967 0.09398496240601509
0 0.44454887218045114 0.13095238095238096 0.003759398496240607 0.006265664160401006
0 0.5798872180451127 0.3684210526315789 0.06578947368421062 0.10025062656641605
