1 0.6809815950920245 0.598159509202454 0.08282208588957062 0.10020449897750502
0 0.5260157896240706 0.5952333317575388 0.057139999054523403 0.07849535223651706
0 0.5571830618356287 0.5248183834277219 0.057139999054523403 0.07849535223651706
0 0.4619497300780897 0.5375161609953938 0.057139999054523403 0.07849535223651706
0 0.4065412461464306 0.5375161609953938 0.057139999054523403 0.07849535223651706
0 0.33381761098612805 0.5040402019533498 0.057139999054523403 0.07849535223651706
0 0.5234185169397739 0.4082296984881893 0.057139999054523403 0.07849535223651706
0 0.564109122327086 0.2800975793962276 0.057139999054523403 0.07849535223651706
0 0.7008988170333693 0.2881779833029279 0.057139999054523403 0.07849535223651706
2 0.6143230608901524 0.4988456565847571 0.06926060491457378 0.08657575614321736
3 0.42905094274366734 0.39206889067478895 0.07791818052889553 0.10389090737186088
