3 0.2100563909774436 0.3176691729323308 0.10996240601503757 0.1416040100250627
0 0.25046992481203006 0.5469924812030075 0.08364661654135336 0.10150375939849632
0 0.34304511278195493 0.24937343358395989 0.0808270676691729 0.10275689223057646
2 0.4107142857142857 0.46679197994987476 0.099624060150376 0.1215538847117795
0 0.5892857142857143 0.3182957393483709 0.08646616541353395 0.10776942355889726
0 0.7020676691729324 0.5482456140350876 0.07330827067669177 0.10902255639097752
0 0.7612781954887218 0.15476190476190474 0.07706766917293237 0.10902255639097744
0 0.581766917293233 0.6134085213032582 0.0808270676691729 0.10902255639097745
0 0.4304511278195489 0.7449874686716791 0.08270676691729321 0.11403508771929821
0 0.28712406015037595 0.8233082706766917 0.08740601503759397 0.10526315789473685
1 0.4473684210526316 0.5401002506265664 0.09210526315789465 0.13032581453634087
