1 0.504601226993865 0.12269938650306748 0.0858895705521472 0.10224948875255623
3 0.45705521472392646 0.5398773006134969 0.11349693251533743 0.1554192229038855
2 0.6510736196319019 0.558282208588957 0.09662576687116556 0.130879345603272
0 0.7392638036809817 0.6053169734151329 0.08588957055214723 0.11042944785276072
0 0.5874233128834355 0.6789366053169733 0.08588957055214723 0.11042944785276072
0 0.3496932515337423 0.7218813905930468 0.09202453987730053 0.11860940695296533
0 0.5720858895705522 0.3803680981595092 0.08588957055214723 0.11042944785276072
0 0.4447852760736196 0.35787321063394684 0.08588957055214723 0.11042944785276072
0 0.4938650306748466 0.24335378323108384 0.08588957055214723 0.11042944785276072
0 0.17484662576687116 0.3537832310838446 0.08588957055214723 0.11042944785276072
0 0.2822085889570552 0.06543967280163598 0.08588957055214723 0.11042944785276072
