1 0.6371288113284248 0.4327995266928115 0.07750237864553805 0.08076517064752682
1 0.8088410155997906 0.7121865924182857 0.07750237864553804 0.08427984804144201
1 0.40286438348178655 0.7104292537213283 0.07750237864553802 0.09013764369796835
3 0.3864347715518514 0.5108063545006667 0.12217113802974225 0.12024939437346874
3 0.45514739502772855 0.08518011227655486 0.12140085414526837 0.11827544450469976
0 0.3508318584111266 0.44269048696564284 0.09375302742715906 0.09547833209919958
0 0.4077988850288074 0.16967892138460006 0.09526912448729931 0.09331900525160997
0 0.8614581204406916 0.8198942392589892 0.09526912448729945 0.0933190052516099
2 0.5582321619222492 0.3287046191008578 0.0717366222943245 0.08317998843598039
0 0.8745251815846758 0.5471669665317164 0.09526912448729945 0.0933190052516099
