1 0.14996049269599088 0.13404487436740697 0.09242847977488747 0.06436983412893948
1 0.25606461488655047 0.13086175070169015 0.09148533202208256 0.06932135983116555
1 0.4064966814589438 0.1273249466286715 0.0943147752804974 0.07073608146037307
1 0.5102429342674862 0.1336911939601043 0.09242847977488636 0.06932135983116412
1 0.6352100115141469 0.127678627035973 0.08771274101086197 0.07002872064576855
1 0.7328258039294648 0.12095869929723793 0.08865588876366758 0.07073608146037308
3 0.15609095308922213 0.32998382001263965 0.10468940056135144 0.06861399901656322
3 0.28294432584149226 0.317605005757075 0.09808736629171726 0.06649191657275068
3 0.3829179876388195 0.3268006963469235 0.09808736629171733 0.0721508030895806
3 0.548911992132495 0.317605005757075 0.09997366179732715 0.07073608146037305
3 0.7017019280869008 0.31088507801833964 0.09997366179732736 0.07144344227497683
3 0.6932135983116561 0.40142726228761716 0.0943147752804974 0.07002872064576927
2 0.19004427219020173 0.5054093020343645 0.08959903651647219 0.06436983412894123
2 0.3135966278076539 0.5131902709950065 0.0839401499996427 0.06578455575814701
2 0.432904818537483 0.5061166628489692 0.08488329775244764 0.06436983412893951
2 0.5630592084245694 0.5047019412197616 0.08488329775244764 0.06436983412893951
2 0.6884978595476309 0.49975041551753546 0.08488329775244764 0.06436983412893951
2 0.1773117775273348 0.6214164756293772 0.08488329775244764 0.06436983412893951
2 0.3187839404480809 0.6171723107417548 0.08488329775244764 0.06436983412893951
2 0.4668581376384618 0.6143428674833398 0.08488329775244764 0.06436983412893951
2 0.6045577095479879 0.6129281458541321 0.08488329775244764 0.06436983412893951
0 0.11600717359501128 0.7342405255586704 0.07922441123561744 0.058003586797502595
0 0.21315139213392328 0.7338868451513689 0.07922441123561752 0.05588150435369212
0 0.3197270882008856 0.7342405255586713 0.07922441123561769 0.05658886516829955
0 0.4093261247173581 0.7391920512608974 0.07922441123561769 0.05658886516829955
0 0.5309921848291999 0.7462656594069346 0.07922441123561769 0.05658886516829955
0 0.6271932556153071 0.7483877418507455 0.07922441123561769 0.05658886516829955
0 0.7290532129182441 0.7427288553339156 0.07922441123561769 0.05658886516829955
0 0.7271669174126336 0.9132028116534143 0.07922441123561769 0.05658886516829955
0 0.6139891870760366 0.9146175332826217 0.07922441123561769 0.05658886516829955
0 0.5092997865146843 0.913910172468018 0.07922441123561769 0.05658886516829955
0 0.37442965786357285 0.9160322549118289 0.07922441123561769 0.05658886516829955
0 0.2631382230325859 0.9096660075803953 0.07922441123561769 0.05658886516829955
0 0.12543865112305957 0.9160322549118287 0.07922441123561769 0.05658886516829955
