0 0.18379281537176273 0.14223057644110276 0.13032581453634084 0.09649122807017545
0 0.1988304093567251 0.26754385964912275 0.13032581453634084 0.09649122807017543
0 0.20217209690893903 0.3941102756892231 0.13032581453634084 0.09649122807017543
0 0.1971595655806182 0.5407268170426065 0.13032581453634084 0.09649122807017543
0 0.19381787802840436 0.6535087719298245 0.13032581453634084 0.09649122807017543
0 0.20050125313283207 0.7863408521303258 0.13032581453634084 0.09649122807017543
0 0.20551378446115287 0.9041353383458646 0.13032581453634084 0.09649122807017543
0 0.5614035087719298 0.14223057644110274 0.13032581453634084 0.09649122807017543
0 0.5630743525480367 0.2863408521303258 0.13032581453634084 0.09649122807017543
0 0.5680868838763575 0.4154135338345865 0.13032581453634084 0.09649122807017543
0 0.5831244778613199 0.5770676691729324 0.13032581453634084 0.09649122807017543
0 0.5781119465329991 0.7149122807017543 0.13032581453634084 0.09649122807017543
0 0.6015037593984962 0.8803258145363406 0.13032581453634084 0.09649122807017543
