3 0.20253759398496254 0.3088972431077693 0.11748120300751902 0.1466165413533834
1 0.5169172932330827 0.6459899749373434 0.09962406015037593 0.14411027568922308
0 0.26973684210526316 0.5639097744360904 0.08646616541353382 0.1177944862155389
0 0.3425751879699248 0.48182957393483716 0.09680451127819549 0.11654135338345889
0 0.637687969924812 0.7011278195488722 0.08176691729323317 0.11152882205513777
0 0.6499060150375939 0.5050125313283208 0.08364661654135333 0.1203007518796992
0 0.6165413533834587 0.3013784461152882 0.0808270676691729 0.12406015037593984
0 0.5361842105263157 0.32957393483709274 0.087406015037594 0.11027568922305765
0 0.4525375939849624 0.3489974937343357 0.08176691729323299 0.11654135338345845
0 0.4638157894736842 0.5394736842105263 0.0855263157894737 0.10902255639097745
2 0.36842105263157876 0.2706766917293232 0.09962406015037562 0.13283208020050108
