1 0.3136307068802015 0.1385728641200831 0.09168784160726787 0.14064124177017492
1 0.47190173086783477 0.17890411033296938 0.09532625595181088 0.1406412417701749
1 0.25250534589187423 0.3505704403673059 0.09168784160726787 0.14064124177017492
3 0.2816545869325637 0.5775251165519627 0.13595853508677894 0.1681645439802353
3 0.5530558187273875 0.7897217388217116 0.15132107094080516 0.18638087326420788
3 0.7737827553367456 0.177860368842122 0.1559107941068703 0.18532626026739266
3 0.11499748494341919 0.34374539060471215 0.13241482294726784 0.1598153210288831
2 0.37293677646312756 0.7445709170136209 0.0953263273358195 0.1447778216177277
0 0.617073855737202 0.22750773505900745 0.08441106003162684 0.11995866001812605
0 0.5628615926487197 0.39451917310845885 0.0836833700243171 0.11892459233894424
