2 0.1672329780045966 0.6918304116640906 0.13124612307060274 0.12409512289725763
3 0.35034285925955155 0.7647368952027698 0.1460642637501945 0.13133406452521132
3 0.8075883430869534 0.3035129000502753 0.1248954913507773 0.09617349090372079
3 0.7440820258887031 0.1427049824578696 0.11007735067118568 0.08066147312953374
3 0.33023252548010584 0.0816910458794006 0.11007735067118568 0.08066147312953374
0 0.5937837418528442 0.4100287554330261 0.09525920999159376 0.07755906957469641
0 0.58849154875299 0.5108568709652418 0.09525920999159375 0.0847980112026504
1 0.2980906388349797 0.5736711799364148 0.16247594823165593 0.155863431577488
1 0.4428923970217886 0.4331833921958679 0.15783352825338098 0.15348614905009839
1 0.5072865170755567 0.6209609061206204 0.17041495952719343 0.16485330544165422
0 0.578669723523153 0.24182502852008114 0.08609396227317781 0.07512698531325868
0 0.2935720605520249 0.242686987929675 0.08948590842811646 0.07191833583862839
