3 0.2578323284360321 0.514477808061923 0.08670467944969591 0.0982419855222336
3 0.2030713764734751 0.6644273132123975 0.08670467944969591 0.0982419855222336
3 0.21250851386168904 0.8192475919439671 0.08670467944969591 0.0982419855222336
0 0.8619813523745524 0.2580616964987568 0.11465685233004506 0.1153594238375365
1 0.8779029741274741 0.3579943627298071 0.0779537799219468 0.08508806247450477
1 0.8297097655166599 0.1795616515025623 0.05485684400110145 0.004661725755335553
3 0.7853807464420468 0.30181049819377676 0.12415005364361548 0.12468391358842489
2 0.7820528822907028 0.3893393104926615 0.07748529215155585 0.08080324642581602
0 0.816930614357312 0.4835985568244848 0.06171394950123897 0.06780692007760784
0 0.9578132401289788 0.39813289415678765 0.061713949501238964 0.06780692007760784
0 0.9347483854672456 0.7209246944802387 0.061713949501238964 0.06780692007760784
0 0.4044873767940018 0.6149472727722941 0.061713949501238964 0.06780692007760784
1 0.3056510261187542 0.7538610563270604 0.0779537799219468 0.08508806247450477
