2 0.19868702889455167 0.38572919680082995 0.10160134250913871 0.08686663949935854
3 0.3290753976282542 0.2874871486169423 0.11401928555262603 0.10961750699774013
3 0.6135596403794564 0.7704279686532987 0.11401928555262603 0.10961750699774013
3 0.17215750182501174 0.5594645269243549 0.11401928555262603 0.10961750699774013
1 0.6153414709697816 0.4883277019586298 0.11110920934634291 0.10877360095782918
1 0.656446955535386 0.3260545144278151 0.1086256167508959 0.0996732171969727
1 0.49935972387336297 0.2634893760719274 0.10490022785772539 0.0996732171969727
3 0.5091358607981619 0.11002966528024263 0.11401928555262603 0.10961750699774013
0 0.4563592464922277 0.5784385062547819 0.08568377643498166 0.08531540847983464
0 0.5792970799668544 0.6296281649095989 0.08568377643498166 0.08531540847983464
