3 0.15538847117794485 0.09085213032581453 0.20384294068504594 0.15413533834586468
2 0.43107769423558895 0.08458646616541353 0.177109440267335 0.13659147869674185
2 0.6549707602339181 0.19987468671679198 0.17376775271512115 0.12406015037593988
2 0.40016708437761067 0.2800751879699248 0.18880534670008356 0.12907268170426073
2 0.3784461152882206 0.46804511278195493 0.20217209690893903 0.12907268170426073
2 0.6332497911445278 0.4448621553884712 0.1737677527151211 0.12781954887218044
2 0.38596491228070173 0.6522556390977443 0.19047619047619047 0.12155388471177958
2 0.6315789473684208 0.6397243107769424 0.16374269005847952 0.1265664160401003
2 0.36257309941520466 0.843358395989975 0.1804511278195489 0.12280701754385973
2 0.619047619047619 0.8496240601503758 0.18546365914786966 0.12531328320802004
0 0.9477861319966583 0.09022556390977442 0.10442773600668347 0.10526315789473684
0 0.9502923976608187 0.26127819548872183 0.09941520467836255 0.10651629072681704
0 0.9461152882205514 0.4216791979949875 0.1077694235588973 0.11403508771929821
0 0.9511278195488723 0.5426065162907269 0.09774436090225563 0.10776942355889724
0 0.9603174603174602 0.693609022556391 0.07936507936507936 0.11152882205513784
0 0.952798663324979 0.8226817042606516 0.0944026733500418 0.09899749373433579
0 0.952798663324979 0.9486215538847117 0.0944026733500418 0.10275689223057655
