1 0.38580827067669177 0.31265664160401 0.10808270676691727 0.13909774436090228
3 0.5479323308270676 0.513157894736842 0.11090225563909777 0.1365914786967418
2 0.274906015037594 0.5651629072681704 0.10056390977443605 0.1203007518796992
0 0.406015037593985 0.4630325814536341 0.08270676691729321 0.11403508771929821
0 0.49013157894736836 0.41729323308270677 0.0836466165413534 0.1203007518796992
0 0.6132518796992481 0.23057644110275688 0.08364661654135347 0.11278195488721807
0 0.7077067669172932 0.39035087719298245 0.08458646616541367 0.10902255639097745
0 0.8496240601503758 0.2794486215538847 0.08458646616541358 0.1077694235588972
0 0.7791353383458648 0.34711779448621555 0.08834586466165419 0.10526315789473685
0 0.5216165413533834 0.7575187969924813 0.08834586466165412 0.11403508771929836
0 0.42951127819548873 0.8358395989974937 0.08834586466165412 0.11027568922305761
