1 0.21692398314514405 0.08346857612324021 0.09242847977488747 0.06649191657275068
1 0.3395331910097907 0.08205385449403274 0.09242847977488747 0.06649191657275068
1 0.4876073882001715 0.07993177205022153 0.09242847977488747 0.06649191657275068
1 0.6422836196601871 0.07639496797720287 0.09242847977488747 0.06649191657275068
1 0.7752674528056883 0.07427288553339167 0.09242847977488747 0.06649191657275068
1 0.7809263393225181 0.1598635441004431 0.09242847977488747 0.06649191657275068
3 0.21881027865075403 0.30699459353801906 0.09431477528049743 0.06507719494354322
3 0.3381184693805832 0.30699459353801906 0.09148533202208245 0.06649191657275068
3 0.4692160070204746 0.3077019543526228 0.08959903651647252 0.06932135983116555
3 0.6003135446603661 0.3101777172037359 0.09714421853891238 0.07144344227497687
3 0.7521603328619669 0.3126534800548489 0.09525792303330234 0.06932135983116564
3 0.765835975277639 0.4039030251387301 0.09054218426927747 0.07073608146037308
2 0.26738238792021013 0.4841884775962535 0.0877127410108626 0.06012566924131711
2 0.39140631741406273 0.4856031992254593 0.08676959325805517 0.06295511249972893
2 0.5121292297731008 0.4870179208546685 0.08299700224683768 0.06578455575814694
2 0.6356815853905526 0.49196944655689456 0.0792244112356179 0.06719927738735436
2 0.7597055148844066 0.490908405334989 0.08582644550525259 0.06507719494354319
2 0.2574793365157565 0.5690717753486981 0.08676959325805483 0.061540390870518394
2 0.3956504823016867 0.5719012186071162 0.08582644550525266 0.06295511249973196
2 0.5319353325820053 0.5747306618655311 0.08111070674122772 0.06295511249973203
2 0.6837821207836062 0.5768527443093423 0.09054218426927747 0.06719927738735443
0 0.17589705589812765 0.7105439382694473 0.07262237696598302 0.053052061095279726
0 0.2518204499989281 0.7130197011205603 0.06413404719073829 0.056588865168298384
0 0.3381184693805832 0.7066534537891269 0.07073608146037305 0.056588865168298384
0 0.454125642975595 0.7027629693088062 0.06884978595476304 0.05588150435369485
0 0.5536277308965185 0.7059460929745203 0.06979293370757099 0.055174143539085806
0 0.6682201828623228 0.703824010530707 0.07073608146037051 0.05234470028067592
0 0.7686654185360539 0.7119586598986549 0.07356552471878786 0.05588150435369485
0 0.21550926151593658 0.8599425587084614 0.07639496797720291 0.053759421909883545
0 0.34377735589741254 0.8606499195230647 0.07262237696598273 0.059418308426712904
0 0.4461088870767527 0.8588815174865557 0.07356552471878806 0.05871094761210969
0 0.5880526238739014 0.8592351978938575 0.07073608146037308 0.06224775168512835
0 0.6880262856712287 0.8560520742281409 0.07639496797720298 0.06295511249973203
0 0.7889430952213607 0.8553447134135371 0.07639496797720298 0.061540390870524535
