2 0.19201448203511767 0.41623578076525336 0.10335056023172921 0.09617373319544989
3 0.3198428309656932 0.3164405423407928 0.10226278116950378 0.10340967541889831
3 0.16971223651981668 0.5884179206482058 0.1109660040359314 0.1034096754188984
3 0.5896427398249494 0.8014496314137076 0.1109660040359314 0.1034096754188984
3 0.48955567686103174 0.14063767423334006 0.1109660040359314 0.1034096754188984
1 0.47976424911655846 0.2921406411582213 0.09791107795643914 0.10031023784901753
1 0.5298076525336091 0.2942088934850051 0.00435160289555327 0.0010341261633919174
1 0.5929061463801176 0.5186161006613519 0.09791107795643914 0.10031023784901753
1 0.6309827464207385 0.35729111580980677 0.09791107795643914 0.10031023784901753
0 0.4416876938986556 0.6070320662659523 0.08485625646328857 0.08273009307135468
0 0.5575489705164934 0.6613237984575621 0.08159197159629034 0.08376413568587421
