3 0.4215153903985832 0.1206365786110645 0.09157415999450691 0.10155168877388071
3 0.25806393463930566 0.20505133386261576 0.09677347324928015 0.09818370119543986
3 0.6207610785032734 0.377816990335976 0.10719851903550705 0.10810959625722305
3 0.1825219024428948 0.6993676336000425 0.09677347324928018 0.09818370119544
1 0.34101779380288066 0.792141326258972 0.07985856307137355 0.08273004294203162
1 0.17482532297077666 0.8386773795815331 0.08201690684841387 0.08273004294203162
1 0.3911992866190679 0.37590218265162 0.07662104740581298 0.07549110131407742
2 0.6394080989843894 0.6489141675284386 0.08093771378703972 0.07755946225439492
0 0.7435479797912601 0.7657704365240577 0.06475017145308924 0.0630816709022463
0 0.28597909905871405 0.4038233551263604 0.06475017145308924 0.0630816709022463
0 0.13273669088885195 0.393482009943569 0.06475017145308924 0.0630816709022463
0 0.5312093578610974 0.33688596435151424 0.0762192339532382 0.07746188451211314
0 0.6793373709922921 0.30455015511892447 0.009712527941112938 0.0320579110651499
