3 0.6821975116121693 0.5749742011526822 0.10528400952114073 0.07859347980425369
3 0.41146663231336883 0.328850185802248 0.08594608957122646 0.049637713292437796
1 0.6317041551387849 0.7166494521178278 0.11172996597550995 0.10548082689154134
0 0.592491234053357 0.8516029540374674 0.09991240513849832 0.09824198552223364
0 0.8401235406483661 0.6623578410720823 0.08164883515252651 0.07342289076172936
1 0.6693133214153102 0.4345846177703738 0.08702047958305827 0.06101327654237984
1 0.2725027069341235 0.4022982156553114 0.08702047958305827 0.06101327654237984
0 0.4357517754457231 0.28062542893255144 0.05741804216571168 0.03775836860348576
2 0.6674136782430251 0.3468393796719974 0.07617839257629065 0.05855283247207204
0 0.6409786412588465 0.23301705112815618 0.059692028495116914 0.03556947766995027
0 0.5731338089559521 0.2724728334410813 0.059692028495116914 0.03556947766995027
