0 0.42864529472595664 0.8355739400206825 0.07135470527404345 0.0847983453981385
0 0.6080661840744571 0.5811789038262668 0.07859358841778694 0.07652533609100325
0 0.7032057850197798 0.5785935800628998 0.07859359653343365 0.0899689595053237
0 0.4301961349982271 0.5915202490090582 0.07859358841778694 0.07652533609100325
3 0.3112719751809721 0.4446742502585315 0.0951396070320579 0.09513960703205797
3 0.5025856907571495 0.4012406004908079 0.0951396070320579 0.09513960703205797
3 0.9131345831017035 0.74560739507776 0.0951396070320579 0.09513960703205797
1 0.6297834584105001 0.7001054762734779 0.0951396070320579 0.09513960703205797
1 0.8004146101406043 0.6359891361401716 0.0951396070320579 0.09513960703205797
3 0.22647346341207178 0.8242016184669743 0.0951396070320579 0.09513960703205797
2 0.8572905894519132 0.8841778697001034 0.09927611168562578 0.09307135470527413
1 0.7595982836099929 0.8006149864803076 0.12544441347716173 0.1302065785063175
