3 0.06182121971595657 0.11340852130325814 0.12364243943191314 0.13909774436090225
2 0.2982456140350877 0.13283208020050125 0.16541353383458648 0.12781954887218044
2 0.3065998329156224 0.3195488721804511 0.16541353383458648 0.12781954887218044
2 0.30994152046783624 0.5200501253132832 0.16541353383458648 0.12781954887218044
2 0.3400167084377611 0.6967418546365916 0.16541353383458648 0.12781954887218044
2 0.3182957393483709 0.8809523809523809 0.16541353383458648 0.12781954887218044
2 0.595655806182122 0.25939849624060146 0.16541353383458648 0.12781954887218044
2 0.6023391812865496 0.4661654135338346 0.16541353383458648 0.12781954887218044
2 0.6073517126148705 0.6854636591478696 0.16541353383458648 0.12781954887218044
2 0.6257309941520468 0.8897243107769423 0.16541353383458648 0.12781954887218044
0 0.923141186299081 0.08709273182957393 0.1353383458646617 0.11152882205513784
0 0.9323308270676691 0.22994987468671677 0.1353383458646617 0.11152882205513784
0 0.9289891395154553 0.3715538847117794 0.1353383458646617 0.11152882205513784
0 0.9256474519632412 0.5457393483709274 0.1353383458646617 0.11152882205513784
0 0.9106098579782786 0.681077694235589 0.1353383458646617 0.11152882205513784
0 0.9055973266499577 0.8314536340852129 0.1353383458646617 0.11152882205513784
0 0.9039264828738501 0.9605263157894735 0.13533834586466148 0.07894736842105227
