1 0.36838836389046575 0.3052358670289132 0.08279269437481446 0.09441015404043789
1 0.5039638358989129 0.7707770871639846 0.08865113527380415 0.09619747752032992
1 0.2979600211671635 0.7666405490908681 0.08865113527380415 0.09619747752032992
3 0.16304952169298523 0.6680454890188579 0.0771416751605002 0.0806618658092319
3 0.5912744727417494 0.3453955193157677 0.07451183922775435 0.0806618658092319
3 0.5264051864006877 0.21302630097603817 0.07275861527259084 0.08066186580923192
3 0.43567584672096005 0.13236380855026555 0.07012877933984504 0.08066186580923192
0 0.3848319082941832 0.6923474998104484 0.05960949752426089 0.06514994829369186
0 0.12635106849003958 0.4359008207130393 0.07961979130033717 0.08057424970288536
0 0.25772317154480595 0.2931715757547021 0.05960949752426089 0.06514994829369186
0 0.4899753728308771 0.2883576632228877 0.0689199535649449 0.07528192421979
2 0.5465664956820097 0.6209927611168563 0.06749898984364833 0.0858324715615305
