3 0.301258701999496 0.4369183374526407 0.10059240448150425 0.09824196881245925
0 0.6894511686285147 0.5705438673356789 0.0802329125922734 0.07560156821003002
0 0.5922811121129122 0.5676076152886792 0.0802329125922734 0.07560156821003002
0 0.4179760622808007 0.5803313741590113 0.0802329125922734 0.07560156821003002
0 0.4164734325408687 0.8250190447423238 0.07522414679250014 0.07168656548069774
2 0.8434745235091162 0.8709779954236043 0.08815410512139024 0.08710810696593853
3 0.8990717010495124 0.7319965095269094 0.09917336039999097 0.1027679676420043
3 0.49336167126787317 0.39041252139260574 0.09917336039999097 0.1027679676420043
1 0.6175796114470127 0.6850168681929489 0.09516636348331922 0.09885302026471678
1 0.7878776486393059 0.6302068299822872 0.09516636348331922 0.09885302026471678
1 0.7468057690811645 0.7848494377909406 0.09516636348331922 0.09885302026471678
3 0.21387253964052189 0.8142115668429024 0.09917336039999097 0.1027679676420043
