1 0.2682130968340212 0.7202688728024819 0.07298316576806138 0.07755946225439496
1 0.48716299685969316 0.7657707916067639 0.07298316576806138 0.07755946225439496
3 0.5190927028729682 0.2709410882282354 0.06750942005729291 0.057910998310850684
3 0.5883294265143225 0.335791445971555 0.0816249847396024 0.07529753041998631
3 0.634953691636553 0.43950501470773445 0.06750942005729291 0.057910998310850684
2 0.5560404260124332 0.6478800413650467 0.06842170951752671 0.0672182006204757
0 0.3786001259969808 0.6747673216132368 0.06203568329589082 0.056876938986556526
0 0.1861066722244109 0.4219214318939883 0.05291277079482113 0.051706266395160815
3 0.15782607662042814 0.608066184074457 0.08028147250056464 0.07032057911065139
0 0.5473740072667694 0.38469258923593924 0.04561444079396578 0.03929665217581148
0 0.33506325679745397 0.33855582572497944 0.0628986812316117 0.03527966437680988
