2 0.33442408074230784 0.44260601046407855 0.07404222114206467 0.07032055404599012
1 0.42013359485455304 0.36976338521662433 0.0751641554426608 0.06110767537473125
1 0.6467476589462449 0.20900363962521828 0.07516408280880035 0.0629876844975087
1 0.6747940135274191 0.547447663789299 0.07516408280880035 0.0629876844975087
3 0.13069576583335224 0.535693518573726 0.08413890967169796 0.06392779919150149
3 0.5168342770391499 0.5709701776242614 0.10320145506052328 0.10551150209670908
0 0.4454591828377196 0.609618840989366 0.0802511272837846 0.07930373213342236
0 0.2048593511735244 0.5794393808437479 0.08025112728378467 0.07930373213342229
3 0.5241607771695442 0.26536260960978575 0.08184018516535209 0.06392779919150147
0 0.4936989127173393 0.1640008758399931 0.0802511272837846 0.07930373213342229
0 0.7326538537489441 0.15553977523589108 0.08025112728378474 0.07930373213342229
