0 0.3421756666816257 0.43743418946826046 0.09151935298458995 0.09387625130943263
3 0.38885612122046004 0.5145470962897972 0.11190077837149659 0.11389092366403773
3 0.7262366851679181 0.5597520748908932 0.11190077837149659 0.11389092366403773
0 0.3982340746273137 0.1738865021883529 0.08438520668488955 0.08598087524546187
3 0.45210702100050104 0.09852807973839867 0.11190077837149659 0.11389092366403769
1 0.6197786897200672 0.42907205707420376 0.10567680263078011 0.10888112971373076
1 0.39644621571785826 0.6938104937536625 0.10567680263078003 0.10888112971373069
1 0.785307464568763 0.7020835698998955 0.10567680263077989 0.10888112971373061
0 0.8405199545140409 0.533765314549492 0.08438520668488962 0.08598087524546187
0 0.8335134455257364 0.8005720202655091 0.08438520668488962 0.08598087524546173
2 0.5364347919547309 0.32626680455015517 0.06743751670288041 0.07549120992761126
