0 0.21898496240601503 0.5576441102756893 0.09774436090225563 0.1253132832080201
0 0.3218984962406015 0.6666666666666665 0.09680451127819556 0.1303258145363408
0 0.5446428571428568 0.7694235588972436 0.09680451127819488 0.12781954887218053
0 0.6569548872180451 0.4323308270676691 0.0921052631578948 0.12280701754385959
0 0.5902255639097744 0.3226817042606516 0.09022556390977442 0.1215538847117794
3 0.35949248120300753 0.4605263157894737 0.13063909774436092 0.15914786967418543
2 0.40131578947368424 0.3132832080200501 0.10714285714285715 0.13784461152882208
0 0.5526315789473685 0.468671679197995 0.09962406015037586 0.12531328320802004
0 0.49436090225563895 0.36967418546365893 0.09022556390977428 0.11779448621553837
0 0.45300751879699247 0.3057644110275689 0.007518796992481214 0.005012531328320797
0 0.43045112781954936 0.48182957393483716 0.09022556390977458 0.12656641604010027
1 0.5216165413533834 0.2631578947368419 0.12030075187969957 0.1528822055137841
