1 0.28739427246640326 0.057918410899623345 0.16930915781616546 0.11018624512611269
1 0.8271357665242174 0.48030242970361425 0.17685798990088977 0.11442421186996535
3 0.12293788555530316 0.25533539632498947 0.17901480118373436 0.11513047118260294
2 0.5386620442789806 0.17092996718830455 0.15636833455048008 0.11018619947410974
0 0.27499263350835396 0.4933659786262613 0.13803550740915319 0.09394083148435214
0 0.6578262606622479 0.5413962683899258 0.13803550740915319 0.09394083148435214
0 0.16283855682101603 0.6169733419886331 0.13803550740915319 0.09394083148435214
1 0.36871355685131163 0.8986394557823125 0.17656705539358594 0.12380952380952412
0 0.18359321659873296 0.7600326452929279 0.13803550740915319 0.09394083148435214
3 0.8084335123774606 0.6757435595902956 0.17901480118373436 0.11513047118260293
