1 0.3310621663338073 0.12254392947472617 0.10078848174826437 0.14994835217604083
1 0.5025429010728226 0.17735305894352038 0.10078848174826437 0.14994835217604083
1 0.2666694006358914 0.3438487163864612 0.10078848174826437 0.14994835217604083
3 0.5788338885094263 0.7802483448446275 0.10638784855887758 0.16028951355131352
3 0.2988653419967482 0.5858310554081501 0.10638784855887758 0.16028951355131352
2 0.40315391875377693 0.7590486039296798 0.09518911356443756 0.1385729058945192
3 0.10008856175519604 0.33298862461220274 0.10778767343966729 0.15098241985522246
3 0.7867114220775391 0.1861415230165654 0.10778767343966729 0.15098241985522246
0 0.5931821968718252 0.39710444674250245 0.08049079371000292 0.1178903826266804
0 0.6470761420755156 0.2326770583361199 0.08049079371000292 0.1178903826266804
