3 0.3360511819927671 0.712660178637828 0.09193429570897502 0.07345753098974392
2 0.2043976266391561 0.6812286689920087 0.08568640574794611 0.06427549226491075
2 0.2186787613922695 0.21117142471268197 0.09639726688204948 0.07628273943530571
2 0.5832927758947031 0.2599080422669886 0.09193442704725832 0.0762827394353057
3 0.6337228660278431 0.39976094481412905 0.09282699501421639 0.07487008385402143
1 0.42977067842921146 0.6257827106574028 0.09193439377489349 0.07345764511975124
1 0.36282808090734486 0.5053538223529208 0.09193439377489351 0.06992600616654054
0 0.4529776942372746 0.3534953360802451 0.0669425572447935 0.057212294249495
0 0.22091002282813682 0.3626775973585928 0.0669425572447935 0.057212294249495
0 0.4793084492625421 0.5526797730413243 0.0696202611456681 0.057212294249495
0 0.47439932544427194 0.482753321767754 0.0669425572447935 0.057212294249495
1 0.2762489881123974 0.6063586964147448 0.09193439377489351 0.06992600616654054
