2 0.16964285714285715 0.7268170426065163 0.10244360902255639 0.13784461152882202
3 0.4440789473684211 0.7706766917293235 0.11184210526315788 0.14786967418546362
1 0.3289473684210526 0.5200501253132831 0.11090225563909778 0.13283208020050094
0 0.6221804511278195 0.713032581453634 0.08270676691729328 0.11278195488721807
0 0.48731203007518803 0.16666666666666669 0.07612781954887218 0.10776942355889725
0 0.6696428571428572 0.22556390977443605 0.07612781954887232 0.10526315789473681
0 0.7640977443609023 0.10213032581453634 0.08270676691729321 0.10651629072681704
0 0.31578947368421045 0.6741854636591479 0.08458646616541354 0.1077694235588973
0 0.40789473684210525 0.6591478696741854 0.07706766917293237 0.10526315789473685
0 0.3674812030075188 0.9667919799498746 0.08270676691729328 0.06641604010025076
