2 0.3688169485394277 0.7011376599255957 0.06892035567392456 0.08479838717257498
3 0.6924639874845664 0.274556711616656 0.07543981381295053 0.0879006403394423
3 0.6854788048191612 0.4110624680295017 0.08009660225655385 0.08790064033944227
1 0.23051060987653524 0.7428128874970575 0.07581236712121119 0.08872802481902795
1 0.5084555452671077 0.3161233444077961 0.10335308717508682 0.10566551434500866
1 0.13728170523559421 0.5335040609973606 0.07581236712121119 0.08872802481902795
3 0.13884051264999886 0.3541087002212942 0.10201612688134669 0.10741803689620152
0 0.2315350761990089 0.5716132368148914 0.05122459046927612 0.07621509824198562
0 0.6034262013051799 0.42941974055151017 0.06146952504520366 0.067114714481129
0 0.4579481303270083 0.21840459209665258 0.0512245904692761 0.06597716651102209
0 0.28594710447429406 0.19385137986935308 0.07325448813805853 0.07583866568189769
3 0.6239153076586866 0.5682007261650212 0.08400829870188269 0.09896580950397676
