1 0.6302060640440371 0.44364014498235754 0.07277969778527095 0.08893480827727014
1 0.7873443667068502 0.7166516578080494 0.07277969778527095 0.08893480827727014
1 0.4135206151090001 0.7125151197349328 0.07277969778527095 0.08893480827727014
3 0.4715600066975474 0.10619330716294335 0.11488954683651102 0.11313021352590313
3 0.4099546556036641 0.5313726492185238 0.10424340763775256 0.11175191749459927
3 0.7302783515293023 0.5749752288038077 0.07277969778527095 0.08893480827727014
0 0.8473046259275635 0.5491209259220193 0.05210365076304015 0.07238883143743535
0 0.3649879514691074 0.45130456196945185 0.08118865505830997 0.08719006769509648
0 0.8398764429900928 0.8255578441346707 0.08118865505830997 0.08719006769509634
0 0.4210125994710344 0.18181167957320848 0.08942185751630362 0.08741485573934597
2 0.5544903578036922 0.3338676778029653 0.0627724971080967 0.08531540847983454
