3 0.5093688148816625 0.6285759661951524 0.11598899726524266 0.10875792576216042
3 0.08700164903304736 0.5842699502366921 0.11598899726524266 0.10875792576216056
3 0.5246719730645834 0.29595978842004284 0.11598899726524266 0.10875792576216047
0 0.43531281504025116 0.6745089213665032 0.08161535472059982 0.07694297408941451
0 0.17056817847572062 0.6346977186212197 0.08161535472059982 0.07694297408941451
1 0.4101238616783675 0.40945473674848926 0.08110657924180761 0.06934791381482137
1 0.6894064985166728 0.6142897960347056 0.08110657924180761 0.06934791381482137
1 0.6657485811237862 0.2333954716530332 0.08110657924180761 0.06934791381482137
0 0.4985181580945532 0.1850436611921193 0.06619750663306583 0.05213363303050244
0 0.7612718537794856 0.18162503468541144 0.06619750663306583 0.05213363303050244
2 0.3128630646040772 0.48796925823517845 0.09245204050398857 0.06971383594760212
